6 0.25 0.75	0.001 28 3
0 0
5.99963 -0.000880531
11.9991 -0.00202291
17.9983 -0.0038266
23.9969 -0.0069393
29.9944 -0.0123629
35.9901 -0.0219643
41.9826 -0.0388764
47.9693 -0.0687405
53.9457 -0.12153
59.904 -0.214832
65.8304 -0.379738
71.7001 -0.671225
77.47 -1.18646
83.0631 -2.09719
88.344 -3.70697
93.0728 -6.55242
97.488 -10.0954
101.723 -14.0303
105.853 -18.1823
109.914 -22.4486
113.925 -26.7648
117.883 -31.0831
121.769 -35.3564
125.541 -39.5223
129.12 -43.4831
132.359 -47.0724
135 -50
0 0
90 0
135 -50
